Start_Comment

  Input file = Examples\LParseTest1.ls
  Output file = junk.txt
  Bounds file = bounds.txt
  Seed = -1
  Maxgen = 5
  Width = 80
  Delta = 10
  Distance = 100

End_Comment


Start_Object_Group 1
 FrontMaterial: 3
 FrontTexture: 2
 BackMaterial: 0
 BackTexture: 2

  cone
      -0.00000    0.00000   -0.00000
     -49.99999   86.60253   -0.00000
    0.00000 39.99999

  sphere
     -49.99999   86.60253   -0.00000
    39.99999

End_Object_Group 1


Start_Object_Group 2
 FrontMaterial: 3
 FrontTexture: 2
 BackMaterial: 0
 BackTexture: 2

  cone
     -49.99999   86.60253   -0.00000
    -113.30221  162.04318   17.36482
    40.00000 28.00000

  sphere
    -113.30221  162.04318   17.36482
    28.00000

End_Object_Group 2


Start_Object_Group 3
 FrontMaterial: 4
 FrontTexture: 3
 BackMaterial: 5
 BackTexture: 3

 object
   Name: Leaf
   LineWidth: 56.00000
   LineDistance: 90.00000
   ContactPoint: -113.30221  162.04318   17.36482
   Heading:    0.62040    0.78320    0.04125
   Left:    0.24128   -0.24063    0.94016
   Up:  -0.74625    0.57331    0.33826
   nargs: 1
      1.00000

End_Object_Group 3


Start_Object_Group 4
 FrontMaterial: 4
 FrontTexture: 3
 BackMaterial: 5
 BackTexture: 3

 object
   Name: Leaf
   LineWidth: 56.00000
   LineDistance: 90.00000
   ContactPoint: -113.30221  162.04318   17.36482
   Heading:   -0.64716   -0.76181   -0.02889
   Left:    0.24128   -0.24063    0.94016
   Up:   0.72317   -0.60147   -0.33953
   nargs: 1
      1.00000

End_Object_Group 4


Start_Object_Group 5
 FrontMaterial: 4
 FrontTexture: 3
 BackMaterial: 5
 BackTexture: 3

 object
   Name: Leaf
   LineWidth: 56.00000
   LineDistance: 90.00000
   ContactPoint: -113.30221  162.04318   17.36482
   Heading:   -0.72555    0.59863    0.33943
   Left:   -0.65987   -0.74519   -0.09627
   Up:  -0.19529    0.29382   -0.93569
   nargs: 1
      1.00000

End_Object_Group 5


Start_Object_Group 6
 FrontMaterial: 3
 FrontTexture: 2
 BackMaterial: 0
 BackTexture: 2

  cone
    -113.30221  162.04318   17.36482
    -178.60198  215.92042   47.91281
    25.19999 25.19999

  sphere
    -178.60198  215.92042   47.91281
    25.19999

End_Object_Group 6


Start_Object_Group 7
 FrontMaterial: 3
 FrontTexture: 2
 BackMaterial: 0
 BackTexture: 2

  cone
    -178.60198  215.92042   47.91281
    -248.26040  250.62057   93.11907
    25.20000 17.64000

  sphere
    -248.26040  250.62057   93.11907
    17.64000

End_Object_Group 7


Start_Object_Group 8
 FrontMaterial: 4
 FrontTexture: 3
 BackMaterial: 5
 BackTexture: 3

 object
   Name: Leaf
   LineWidth: 39.20000
   LineDistance: 81.00000
   ContactPoint: -248.26040  250.62057   93.11907
   Heading:    0.41274    0.90260    0.12232
   Left:    0.55509   -0.35572    0.75190
   Up:  -0.72217    0.24243    0.64784
   nargs: 1
      1.00000

End_Object_Group 8


Start_Object_Group 9
 FrontMaterial: 4
 FrontTexture: 3
 BackMaterial: 5
 BackTexture: 3

 object
   Name: Leaf
   LineWidth: 39.20000
   LineDistance: 81.00000
   ContactPoint: -248.26040  250.62057   93.11907
   Heading:   -0.56468   -0.82488    0.02664
   Left:    0.55509   -0.35572    0.75190
   Up:   0.61076   -0.43938   -0.65873
   nargs: 1
      1.00000

End_Object_Group 9


Start_Object_Group 10
 FrontMaterial: 4
 FrontTexture: 3
 BackMaterial: 5
 BackTexture: 3

 object
   Name: Leaf
   LineWidth: 39.20000
   LineDistance: 81.00000
   ContactPoint: -248.26040  250.62057   93.11907
   Heading:   -0.76170    0.14580    0.63131
   Left:   -0.35382   -0.90985   -0.21677
   Up:  -0.54277    0.38849   -0.74462
   nargs: 1
      1.00000

End_Object_Group 10


Start_Object_Group 11
 FrontMaterial: 3
 FrontTexture: 2
 BackMaterial: 0
 BackTexture: 2

  cone
    -248.26040  250.62057   93.11907
    -309.95874  262.43090  144.25449
    15.87600 15.87600

  sphere
    -309.95874  262.43090  144.25449
    15.87600

End_Object_Group 11


Start_Object_Group 12
 FrontMaterial: 3
 FrontTexture: 2
 BackMaterial: 0
 BackTexture: 2

  cone
    -309.95874  262.43090  144.25449
    -364.87747  251.92340  202.85932
    15.87600 11.11320

  sphere
    -364.87747  251.92340  202.85932
    11.11320

End_Object_Group 12


Start_Object_Group 13
 FrontMaterial: 1
 FrontTexture: 2
 BackMaterial: 0
 BackTexture: 2

  cone
    -364.87747  251.92340  202.85932
    -414.91333  214.92153  274.33402
    13.00244 3.90073

  sphere
    -414.91333  214.92153  274.33402
    3.90073

End_Object_Group 13


Start_Object_Group 14
 FrontMaterial: 3
 FrontTexture: 2
 BackMaterial: 0
 BackTexture: 2

  cone
      -0.00000    0.00000   -0.00000
      50.00000   86.60253   -0.00000
    39.99999 39.99999

  sphere
      50.00000   86.60253   -0.00000
    39.99999

End_Object_Group 14


Start_Object_Group 15
 FrontMaterial: 3
 FrontTexture: 2
 BackMaterial: 0
 BackTexture: 2

  cone
      50.00000   86.60253   -0.00000
     113.30222  162.04318  -17.36481
    40.00000 28.00000

  sphere
     113.30222  162.04318  -17.36481
    28.00000

End_Object_Group 15


Start_Object_Group 16
 FrontMaterial: 4
 FrontTexture: 3
 BackMaterial: 5
 BackTexture: 3

 object
   Name: Leaf
   LineWidth: 56.00000
   LineDistance: 90.00000
   ContactPoint:  113.30222  162.04318  -17.36481
   Heading:   -0.44183    0.88977   -0.11434
   Left:   -0.24127   -0.24063   -0.94015
   Up:   0.86404    0.38780   -0.32100
   nargs: 1
      1.00000

End_Object_Group 16


Start_Object_Group 17
 FrontMaterial: 4
 FrontTexture: 3
 BackMaterial: 5
 BackTexture: 3

 object
   Name: Leaf
   LineWidth: 56.00000
   LineDistance: 90.00000
   ContactPoint:  113.30222  162.04318  -17.36481
   Heading:    0.78486   -0.61818   -0.04320
   Left:   -0.24127   -0.24063   -0.94015
   Up:  -0.57078   -0.74831    0.33801
   nargs: 1
      1.00000

End_Object_Group 17


Start_Object_Group 18
 FrontMaterial: 4
 FrontTexture: 3
 BackMaterial: 5
 BackTexture: 3

 object
   Name: Leaf
   LineWidth: 56.00000
   LineDistance: 90.00000
   ContactPoint:  113.30222  162.04318  -17.36481
   Heading:    0.72556    0.59863   -0.33942
   Left:    0.57706   -0.79799   -0.17388
   Up:   0.37495    0.06970    0.92443
   nargs: 1
      1.00000

End_Object_Group 18


Start_Object_Group 19
 FrontMaterial: 3
 FrontTexture: 2
 BackMaterial: 0
 BackTexture: 2

  cone
     113.30222  162.04318  -17.36481
     178.60199  215.92042  -47.91280
    25.19999 25.19999

  sphere
     178.60199  215.92042  -47.91280
    25.19999

End_Object_Group 19


Start_Object_Group 20
 FrontMaterial: 3
 FrontTexture: 2
 BackMaterial: 0
 BackTexture: 2

  cone
     178.60199  215.92042  -47.91280
     248.26041  250.62057  -93.11906
    25.20000 17.64000

  sphere
     248.26041  250.62057  -93.11906
    17.64000

End_Object_Group 20


Start_Object_Group 21
 FrontMaterial: 4
 FrontTexture: 3
 BackMaterial: 5
 BackTexture: 3

 object
   Name: Leaf
   LineWidth: 39.20000
   LineDistance: 81.00000
   ContactPoint:  248.26041  250.62057  -93.11906
   Heading:   -0.29026    0.92995   -0.22566
   Left:   -0.55508   -0.35572   -0.75189
   Up:   0.77951    0.09298   -0.61945
   nargs: 1
      1.00000

End_Object_Group 21


Start_Object_Group 22
 FrontMaterial: 4
 FrontTexture: 3
 BackMaterial: 5
 BackTexture: 3

 object
   Name: Leaf
   LineWidth: 39.20000
   LineDistance: 81.00000
   ContactPoint:  248.26041  250.62057  -93.11906
   Heading:    0.46620   -0.88167    0.07294
   Left:   -0.55508   -0.35572   -0.75189
   Up:  -0.68887   -0.31005    0.65524
   nargs: 1
      1.00000

End_Object_Group 22


Start_Object_Group 23
 FrontMaterial: 4
 FrontTexture: 3
 BackMaterial: 5
 BackTexture: 3

 object
   Name: Leaf
   LineWidth: 39.20000
   LineDistance: 81.00000
   ContactPoint:  248.26041  250.62057  -93.11906
   Heading:    0.76171    0.14580   -0.63130
   Left:    0.48185   -0.77887    0.40150
   Up:   0.43316    0.61001    0.66353
   nargs: 1
      1.00000

End_Object_Group 23


Start_Object_Group 24
 FrontMaterial: 3
 FrontTexture: 2
 BackMaterial: 0
 BackTexture: 2

  cone
     248.26041  250.62057  -93.11906
     309.95875  262.43090 -144.25448
    15.87600 15.87600

  sphere
     309.95875  262.43090 -144.25448
    15.87600

End_Object_Group 24


Start_Object_Group 25
 FrontMaterial: 3
 FrontTexture: 2
 BackMaterial: 0
 BackTexture: 2

  cone
     309.95875  262.43090 -144.25448
     364.87748  251.92340 -202.85931
    15.87600 11.11320

  sphere
     364.87748  251.92340 -202.85931
    11.11320

End_Object_Group 25


Start_Object_Group 26
 FrontMaterial: 1
 FrontTexture: 2
 BackMaterial: 0
 BackTexture: 2

  cone
     364.87748  251.92340 -202.85931
     414.91334  214.92153 -274.33401
    13.00244 3.90073

  sphere
     414.91334  214.92153 -274.33401
    3.90073

End_Object_Group 26


Start_Object_Group 27
 FrontMaterial: 3
 FrontTexture: 2
 BackMaterial: 0
 BackTexture: 2

  cone
      -0.00000    0.00000   -0.00000
      43.30127   86.60253   25.00000
    39.99999 39.99999

  sphere
      43.30127   86.60253   25.00000
    39.99999

End_Object_Group 27


Start_Object_Group 28
 FrontMaterial: 3
 FrontTexture: 2
 BackMaterial: 0
 BackTexture: 2

  cone
      43.30127   86.60253   25.00000
     106.80500  162.04318   41.61274
    39.99999 27.99999

  sphere
     106.80500  162.04318   41.61274
    27.99999

End_Object_Group 28


Start_Object_Group 29
 FrontMaterial: 4
 FrontTexture: 3
 BackMaterial: 5
 BackTexture: 3

 object
   Name: Leaf
   LineWidth: 56.00000
   LineDistance: 90.00000
   ContactPoint:  106.80500  162.04318   41.61274
   Heading:   -0.36914    0.86993   -0.32703
   Left:    0.26113   -0.24063   -0.93483
   Up:   0.89194    0.43048    0.13834
   nargs: 1
      1.00000

End_Object_Group 29


Start_Object_Group 30
 FrontMaterial: 4
 FrontTexture: 3
 BackMaterial: 5
 BackTexture: 3

 object
   Name: Leaf
   LineWidth: 56.00000
   LineDistance: 90.00000
   ContactPoint:  106.80500  162.04318   41.61274
   Heading:    0.82852   -0.44110    0.34497
   Left:    0.26113   -0.24063   -0.93483
   Up:  -0.49535   -0.86461    0.08419
   nargs: 1
      1.00000

End_Object_Group 30


Start_Object_Group 31
 FrontMaterial: 4
 FrontTexture: 3
 BackMaterial: 5
 BackTexture: 3

 object
   Name: Leaf
   LineWidth: 56.00000
   LineDistance: 90.00000
   ContactPoint:  106.80500  162.04318   41.61274
   Heading:    0.79806    0.59863    0.06883
   Left:    0.46008   -0.67911    0.57197
   Up:  -0.38914    0.42479    0.81739
   nargs: 1
      1.00000

End_Object_Group 31


Start_Object_Group 32
 FrontMaterial: 3
 FrontTexture: 2
 BackMaterial: 0
 BackTexture: 2

  cone
     106.80500  162.04318   41.61274
     178.63025  215.92042   47.80729
    25.19999 25.19999

  sphere
     178.63025  215.92042   47.80729
    25.19999

End_Object_Group 32


Start_Object_Group 33
 FrontMaterial: 3
 FrontTexture: 2
 BackMaterial: 0
 BackTexture: 2

  cone
     178.63025  215.92042   47.80729
     261.55933  250.62057   43.48674
    25.20000 17.63999

  sphere
     261.55933  250.62057   43.48674
    17.63999

End_Object_Group 33


Start_Object_Group 34
 FrontMaterial: 3
 FrontTexture: 2
 BackMaterial: 0
 BackTexture: 2

  cone
      -0.00000    0.00000   -0.00000
     -43.30126   86.60253  -24.99999
    39.99999 39.99999

  sphere
     -43.30126   86.60253  -24.99999
    39.99999

End_Object_Group 34


Start_Object_Group 35
 FrontMaterial: 3
 FrontTexture: 2
 BackMaterial: 0
 BackTexture: 2

  cone
     -43.30126   86.60253  -24.99999
    -106.80499  162.04318  -41.61273
    39.99999 27.99999

  sphere
    -106.80499  162.04318  -41.61273
    27.99999

End_Object_Group 35


Start_Object_Group 36
 FrontMaterial: 4
 FrontTexture: 3
 BackMaterial: 5
 BackTexture: 3

 object
   Name: Leaf
   LineWidth: 56.00000
   LineDistance: 90.00000
   ContactPoint: -106.80499  162.04318  -41.61273
   Heading:    0.31675    0.89345    0.31846
   Left:   -0.26112   -0.24063    0.93484
   Up:  -0.91185    0.37925   -0.15708
   nargs: 1
      1.00000

End_Object_Group 36


Start_Object_Group 37
 FrontMaterial: 4
 FrontTexture: 3
 BackMaterial: 5
 BackTexture: 3

 object
   Name: Leaf
   LineWidth: 56.00000
   LineDistance: 90.00000
   ContactPoint: -106.80499  162.04318  -41.61273
   Heading:   -0.81953   -0.45648   -0.34641
   Left:   -0.26112   -0.24063    0.93484
   Up:   0.51009   -0.85659   -0.07800
   nargs: 1
      1.00000

End_Object_Group 37


Start_Object_Group 38
 FrontMaterial: 4
 FrontTexture: 3
 BackMaterial: 5
 BackTexture: 3

 object
   Name: Leaf
   LineWidth: 56.00000
   LineDistance: 90.00000
   ContactPoint: -106.80499  162.04318  -41.61273
   Heading:   -0.79805    0.59863   -0.06882
   Left:   -0.46729   -0.68695   -0.55654
   Up:   0.38045    0.41198   -0.82796
   nargs: 1
      1.00000

End_Object_Group 38


Start_Object_Group 39
 FrontMaterial: 3
 FrontTexture: 2
 BackMaterial: 0
 BackTexture: 2

  cone
    -106.80499  162.04318  -41.61273
    -178.63024  215.92042  -47.80728
    25.19999 25.19999

  sphere
    -178.63024  215.92042  -47.80728
    25.19999

End_Object_Group 39


Start_Object_Group 40
 FrontMaterial: 3
 FrontTexture: 2
 BackMaterial: 0
 BackTexture: 2

  cone
    -178.63024  215.92042  -47.80728
    -261.55932  250.62057  -43.48673
    25.20000 17.63999

  sphere
    -261.55932  250.62057  -43.48673
    17.63999

End_Object_Group 40


Start_Object_Group 41
 FrontMaterial: 3
 FrontTexture: 2
 BackMaterial: 0
 BackTexture: 2

  cone
      -0.00000    0.00000   -0.00000
     -24.99999   86.60253  -43.30126
    39.99999 39.99999

  sphere
     -24.99999   86.60253  -43.30126
    39.99999

End_Object_Group 41


Start_Object_Group 42
 FrontMaterial: 3
 FrontTexture: 2
 BackMaterial: 0
 BackTexture: 2

  cone
     -24.99999   86.60253  -43.30126
     -71.68946  162.04318  -89.44017
    39.99999 27.99999

  sphere
     -71.68946  162.04318  -89.44017
    27.99999

End_Object_Group 42


Start_Object_Group 43
 FrontMaterial: 3
 FrontTexture: 2
 BackMaterial: 0
 BackTexture: 2

  cone
      -0.00000    0.00000   -0.00000
      25.00000   86.60253   43.30127
    39.99999 39.99999

  sphere
      25.00000   86.60253   43.30127
    39.99999

End_Object_Group 43


Start_Object_Group 44
 FrontMaterial: 3
 FrontTexture: 2
 BackMaterial: 0
 BackTexture: 2

  cone
      25.00000   86.60253   43.30127
      71.68947  162.04318   89.44018
    39.99999 27.99999

  sphere
      71.68947  162.04318   89.44018
    27.99999

End_Object_Group 44


Start_Object_Group 45
 FrontMaterial: 3
 FrontTexture: 2
 BackMaterial: 0
 BackTexture: 2

  cone
      -0.00000   50.00000   -0.00000
     -49.24038  136.60253   -8.68240
    39.99999 27.99999

  sphere
     -49.24038  136.60253   -8.68240
    27.99999

End_Object_Group 45


Start_Object_Group 46
 FrontMaterial: 3
 FrontTexture: 2
 BackMaterial: 0
 BackTexture: 2

  cone
     -49.24038  136.60253   -8.68240
    -114.59626  212.04318   -2.57371
    27.99999 19.59999

  sphere
    -114.59626  212.04318   -2.57371
    19.59999

End_Object_Group 46


Start_Object_Group 47
 FrontMaterial: 4
 FrontTexture: 3
 BackMaterial: 5
 BackTexture: 3

 object
   Name: Leaf
   LineWidth: 39.20000
   LineDistance: 90.00000
   ContactPoint: -114.59626  212.04318   -2.57371
   Heading:    0.23079    0.94825    0.21805
   Left:    0.07436   -0.24063    0.96777
   Up:  -0.97015    0.20713    0.12605
   nargs: 1
      1.00000

End_Object_Group 47


Start_Object_Group 48
 FrontMaterial: 4
 FrontTexture: 3
 BackMaterial: 5
 BackTexture: 3

 object
   Name: Leaf
   LineWidth: 39.20000
   LineDistance: 90.00000
   ContactPoint: -114.59626  212.04318   -2.57371
   Heading:   -0.81607   -0.57244   -0.07963
   Left:    0.07436   -0.24063    0.96777
   Up:   0.57315   -0.78385   -0.23893
   nargs: 1
      1.00000

End_Object_Group 48


Start_Object_Group 49
 FrontMaterial: 4
 FrontTexture: 3
 BackMaterial: 5
 BackTexture: 3

 object
   Name: Leaf
   LineWidth: 39.20000
   LineDistance: 90.00000
   ContactPoint: -114.59626  212.04318   -2.57371
   Heading:   -0.77347    0.59863    0.20828
   Left:   -0.62459   -0.66400   -0.41108
   Up:   0.10780    0.44804   -0.88748
   nargs: 1
      1.00000

End_Object_Group 49


Start_Object_Group 50
 FrontMaterial: 3
 FrontTexture: 2
 BackMaterial: 0
 BackTexture: 2

  cone
    -114.59626  212.04318   -2.57371
    -184.20858  265.92044   16.17100
    17.63999 17.63999

  sphere
    -184.20858  265.92044   16.17100
    17.63999

End_Object_Group 50


Start_Object_Group 51
 FrontMaterial: 3
 FrontTexture: 2
 BackMaterial: 0
 BackTexture: 2

  cone
    -184.20858  265.92044   16.17100
    -260.65869  300.62057   48.59440
    17.63999 12.34799

  sphere
    -260.65869  300.62057   48.59440
    12.34799

End_Object_Group 51


Start_Object_Group 52
 FrontMaterial: 3
 FrontTexture: 2
 BackMaterial: 0
 BackTexture: 2

  cone
      -0.00000   50.00000   -0.00000
      49.24039  136.60253    8.68241
    27.99999 27.99999

  sphere
      49.24039  136.60253    8.68241
    27.99999

End_Object_Group 52


Start_Object_Group 53
 FrontMaterial: 3
 FrontTexture: 2
 BackMaterial: 0
 BackTexture: 2

  cone
      49.24039  136.60253    8.68241
     114.59627  212.04318    2.57372
    27.99999 19.59999

  sphere
     114.59627  212.04318    2.57372
    19.59999

End_Object_Group 53


Start_Object_Group 54
 FrontMaterial: 4
 FrontTexture: 3
 BackMaterial: 5
 BackTexture: 3

 object
   Name: Leaf
   LineWidth: 39.20000
   LineDistance: 90.00000
   ContactPoint:  114.59627  212.04318    2.57372
   Heading:   -0.51697    0.83916   -0.16893
   Left:   -0.07435   -0.24063   -0.96776
   Up:   0.85277    0.48774   -0.18679
   nargs: 1
      1.00000

End_Object_Group 54


Start_Object_Group 55
 FrontMaterial: 4
 FrontTexture: 3
 BackMaterial: 5
 BackTexture: 3

 object
   Name: Leaf
   LineWidth: 39.20000
   LineDistance: 90.00000
   ContactPoint:  114.59627  212.04318    2.57372
   Heading:    0.30913   -0.92821    0.20705
   Left:   -0.07435   -0.24063   -0.96776
   Up:  -0.94810   -0.28377    0.14341
   nargs: 1
      1.00000

End_Object_Group 55


Start_Object_Group 56
 FrontMaterial: 4
 FrontTexture: 3
 BackMaterial: 5
 BackTexture: 3

 object
   Name: Leaf
   LineWidth: 39.20000
   LineDistance: 90.00000
   ContactPoint:  114.59627  212.04318    2.57372
   Heading:    0.77348    0.59863   -0.20827
   Left:    0.63375   -0.73602    0.23803
   Up:   0.01081    0.31609    0.94867
   nargs: 1
      1.00000

End_Object_Group 56


Start_Object_Group 57
 FrontMaterial: 3
 FrontTexture: 2
 BackMaterial: 0
 BackTexture: 2

  cone
     114.59627  212.04318    2.57372
     184.20859  265.92044  -16.17099
    17.63999 17.63999

  sphere
     184.20859  265.92044  -16.17099
    17.63999

End_Object_Group 57


Start_Object_Group 58
 FrontMaterial: 3
 FrontTexture: 2
 BackMaterial: 0
 BackTexture: 2

  cone
     184.20859  265.92044  -16.17099
     260.65870  300.62057  -48.59439
    17.63999 12.34799

  sphere
     260.65870  300.62057  -48.59439
    12.34799

End_Object_Group 58


Start_Object_Group 59
 FrontMaterial: 3
 FrontTexture: 2
 BackMaterial: 0
 BackTexture: 2

  cone
      -0.00000   50.00000   -0.00000
      38.30222  136.60253   32.13938
    27.99999 27.99999

  sphere
      38.30222  136.60253   32.13938
    27.99999

End_Object_Group 59


Start_Object_Group 60
 FrontMaterial: 3
 FrontTexture: 2
 BackMaterial: 0
 BackTexture: 2

  cone
      38.30222  136.60253   32.13938
      97.95641  212.04318   59.52704
    27.99999 19.59999

  sphere
      97.95641  212.04318   59.52704
    19.59999

End_Object_Group 60


Start_Object_Group 61
 FrontMaterial: 3
 FrontTexture: 2
 BackMaterial: 0
 BackTexture: 2

  cone
      -0.00000   50.00000   -0.00000
     -38.30221  136.60253  -32.13937
    27.99999 27.99999

  sphere
     -38.30221  136.60253  -32.13937
    27.99999

End_Object_Group 61


Start_Object_Group 62
 FrontMaterial: 3
 FrontTexture: 2
 BackMaterial: 0
 BackTexture: 2

  cone
     -38.30221  136.60253  -32.13937
     -97.95640  212.04318  -59.52703
    27.99999 19.59999

  sphere
     -97.95640  212.04318  -59.52703
    19.59999

End_Object_Group 62


Start_Object_Group 63
 FrontMaterial: 3
 FrontTexture: 2
 BackMaterial: 0
 BackTexture: 2

  cone
      -0.00000  100.00000   -0.00000
     -46.98462  186.60253  -17.10100
    27.99999 19.59999

  sphere
     -46.98462  186.60253  -17.10100
    19.59999

End_Object_Group 63


Start_Object_Group 64
 FrontMaterial: 3
 FrontTexture: 2
 BackMaterial: 0
 BackTexture: 2

  cone
     -46.98462  186.60253  -17.10100
    -112.40835  262.04318  -22.43404
    19.59999 13.71999

  sphere
    -112.40835  262.04318  -22.43404
    13.71999

End_Object_Group 64


Start_Object_Group 65
 FrontMaterial: 3
 FrontTexture: 2
 BackMaterial: 0
 BackTexture: 2

  cone
      -0.00000  100.00000   -0.00000
      46.98463  186.60253   17.10101
    19.59999 19.59999

  sphere
      46.98463  186.60253   17.10101
    19.59999

End_Object_Group 65


Start_Object_Group 66
 FrontMaterial: 3
 FrontTexture: 2
 BackMaterial: 0
 BackTexture: 2

  cone
      46.98463  186.60253   17.10101
     112.40836  262.04318   22.43405
    19.59999 13.71999

  sphere
     112.40836  262.04318   22.43405
    13.71999

End_Object_Group 66




RADEND
