Start_Object_Group
  Material: 3

  cone
     -0.000000   0.000000  -0.000000
    -45.399055  89.100655  -0.000000
    0.000000 24.000000

  sphere
    -45.399055  89.100655  -0.000000
    24.000000

End_Object_Group


Start_Object_Group
  Material: 3

  cone
    -45.399055  89.100655  -0.000000
    -103.453926 169.006317  15.643448
    24.000000 16.799999

  sphere
    -103.453926 169.006317  15.643448
    16.799999

End_Object_Group


Start_Object_Group
 Material: 4

 object
   Name: Leaf
   LineWidth: 33.599998
   LineDistance: 90.000000
   ContactPoint: -114.124489 210.882690  28.193693
   Heading:  -0.237124   0.930586   0.278894
   Left:   0.200316  -0.234077   0.951358
   Up: -0.950603  -0.281456   0.130906
   nargs: 1
      1.000000

End_Object_Group


Start_Object_Group
  Material: 3

  cone
    -103.453926 169.006317  15.643448
    -164.380096 229.206100  43.283775
    15.119999 15.119999

  sphere
    -164.380096 229.206100  43.283775
    15.119999

End_Object_Group


Start_Object_Group
  Material: 3

  cone
    -164.380096 229.206100  43.283775
    -231.201538 273.249573  84.454987
    15.119999 10.584000

  sphere
    -231.201538 273.249573  84.454987
    10.584000

End_Object_Group


Start_Object_Group
 Material: 4

 object
   Name: Leaf
   LineWidth: 23.519999
   LineDistance: 81.000000
   ContactPoint: -247.442413 302.154358 107.714333
   Heading:  -0.401009   0.713699   0.574305
   Left:   0.470899  -0.377154   0.797502
   Up: -0.785777  -0.590245   0.184838
   nargs: 1
      1.000000

End_Object_Group


Start_Object_Group
  Material: 3

  cone
    -231.201538 273.249573  84.454987
    -292.901611 296.105560 131.695923
    9.525599 9.525599

  sphere
    -292.901611 296.105560 131.695923
    9.525599

End_Object_Group


Start_Object_Group
  Material: 3

  cone
    -292.901611 296.105560 131.695923
    -351.880463 299.118378 187.134338
    9.525599 6.667920

  sphere
    -351.880463 299.118378 187.134338
    6.667920

End_Object_Group


Start_Object_Group
 Material: 4

 object
   Name: Leaf
   LineWidth: 16.463999
   LineDistance: 72.900002
   ContactPoint: -367.538330 312.428223 217.238861
   Heading:  -0.429571   0.365153   0.825913
   Left:   0.754006  -0.358261   0.550566
   Up: -0.496933  -0.859251   0.121429
   nargs: 1
      1.000000

End_Object_Group


Start_Object_Group
  Material: 3

  cone
    -351.880463 299.118378 187.134338
    -398.496796 283.908539 241.078659
    6.001128 6.001128

  sphere
    -398.496796 283.908539 241.078659
    6.001128

End_Object_Group


Start_Object_Group
  Material: 3

  cone
    -398.496796 283.908539 241.078659
    -433.920044 250.464020 295.310303
    6.001128 4.200789

  sphere
    -433.920044 250.464020 295.310303
    4.200789

End_Object_Group


Start_Object_Group
 Material: 4

 object
   Name: Leaf
   LineWidth: 11.524799
   LineDistance: 65.610001
   ContactPoint: -442.983887 248.903397 326.799652
   Heading:  -0.276294  -0.047573   0.959895
   Left:   0.954130  -0.133413   0.268023
   Up: -0.115311  -0.989918  -0.082252
   nargs: 1
      1.000000

End_Object_Group


Start_Object_Group
  Material: 3

  cone
    -433.920044 250.464020 295.310303
    -452.717041 206.717453 340.449890
    3.780710 3.780710

  sphere
    -452.717041 206.717453 340.449890
    3.780710

End_Object_Group


Start_Object_Group
  Material: 3

  cone
    -452.717041 206.717453 340.449890
    -455.001160 152.571136 377.431396
    3.780710 2.646497

  sphere
    -455.001160 152.571136 377.431396
    2.646497

End_Object_Group


Start_Object_Group
 Material: 4

 object
   Name: Leaf
   LineWidth: 8.067359
   LineDistance: 59.049000
   ContactPoint: -453.297546 140.707291 404.413666
   Heading:   0.057702  -0.401830   0.913894
   Left:   0.962002   0.267092   0.056698
   Up:  0.266877  -0.875897  -0.401973
   nargs: 1
      1.000000

End_Object_Group


Start_Object_Group
  Material: 3

  cone
    -455.001160 152.571136 377.431396
    -441.684570  99.763412 400.252441
    2.381847 2.381847

  sphere
    -441.684570  99.763412 400.252441
    2.381847

End_Object_Group


Start_Object_Group
  Material: 3

  cone
    -441.684570  99.763412 400.252441
    -412.781921  49.074276 409.309692
    2.381847 1.667293

  sphere
    -412.781921  49.074276 409.309692
    1.667293

End_Object_Group


Start_Object_Group
 Material: 4

 object
   Name: Leaf
   LineWidth: 5.647151
   LineDistance: 53.144100
   ContactPoint: -399.678955  34.536587 427.283051
   Heading:   0.493111  -0.547105   0.676401
   Left:   0.715084   0.697713   0.043031
   Up:  0.495476  -0.462465  -0.735275
   nargs: 1
      1.000000

End_Object_Group


Start_Object_Group
  Material: 3

  cone
    -412.781921  49.074276 409.309692
    -375.673248  11.339615 404.478821
    1.500564 1.500564

  sphere
    -375.673248  11.339615 404.478821
    1.500564

End_Object_Group


Start_Object_Group
  Material: 3

  cone
    -375.673248  11.339615 404.478821
    -331.386902 -12.027771 386.674835
    1.500564 1.050395

  sphere
    -331.386902 -12.027771 386.674835
    1.050395

End_Object_Group


Start_Object_Group
 Material: 4

 object
   Name: Leaf
   LineWidth: 3.953006
   LineDistance: 47.829689
   ContactPoint: -310.608063 -20.965387 394.438751
   Heading:   0.868868  -0.373727   0.324648
   Left:   0.282923   0.913021   0.293850
   Up:  0.406230   0.163467  -0.899031
   nargs: 1
      1.000000

End_Object_Group


Start_Object_Group
  Material: 3

  cone
    -331.386902 -12.027771 386.674835
    -290.716095 -16.668482 361.935608
    0.945355 0.945355

  sphere
    -290.716095 -16.668482 361.935608
    0.945355

End_Object_Group


Start_Object_Group
  Material: 3

  cone
    -290.716095 -16.668482 361.935608
    -255.759125  -2.282979 332.631226
    0.945355 0.661749

  sphere
    -255.759125  -2.282979 332.631226
    0.661749

End_Object_Group


Start_Object_Group
 Material: 4

 object
   Name: Leaf
   LineWidth: 2.767104
   LineDistance: 43.046719
   ContactPoint: -234.339050  -0.262676 333.225708
   Heading:   0.995202   0.093866   0.027621
   Left:  -0.085633   0.699004   0.709973
   Up: -0.047335   0.708931  -0.703687
   nargs: 1
      1.000000

End_Object_Group


Start_Object_Group
  Material: 3

  cone
    -255.759125  -2.282979 332.631226
    -234.704971  25.710793 307.609406
    0.595574 0.595574

  sphere
    -234.704971  25.710793 307.609406
    0.595574

End_Object_Group


Start_Object_Group
  Material: 3

  cone
    -234.704971  25.710793 307.609406
    -228.818634  64.583275 290.079376
    0.595574 0.416902

  sphere
    -228.818634  64.583275 290.079376
    0.416902

End_Object_Group


Start_Object_Group
 Material: 4

 object
   Name: Leaf
   LineWidth: 1.936973
   LineDistance: 38.742046
   ContactPoint: -213.937332  76.977699 289.677399
   Heading:   0.768225   0.639844  -0.020752
   Left:  -0.066386   0.111863   0.991504
   Up: -0.636729   0.760320  -0.128412
   nargs: 1
      1.000000

End_Object_Group


Start_Object_Group
  Material: 3

  cone
    -228.818634  64.583275 290.079376
    -237.723129 101.979385 285.264099
    0.375211 0.375211

  sphere
    -237.723129 101.979385 285.264099
    0.375211

End_Object_Group


Start_Object_Group
  Material: 3

  cone
    -237.723129 101.979385 285.264099
    -259.084930 132.957397 294.482666
    0.375211 0.262648

  sphere
    -259.084930 132.957397 294.482666
    0.262648

End_Object_Group


Start_Object_Group
  Material: 3

  cone
     -0.000000   0.000000  -0.000000
     45.399055  89.100655  -0.000000
    24.000000 24.000000

  sphere
     45.399055  89.100655  -0.000000
    24.000000

End_Object_Group


Start_Object_Group
  Material: 3

  cone
     45.399055  89.100655  -0.000000
    103.453926 169.006317 -15.643448
    24.000000 16.799999

  sphere
    103.453926 169.006317 -15.643448
    16.799999

End_Object_Group


Start_Object_Group
 Material: 4

 object
   Name: Leaf
   LineWidth: 33.599998
   LineDistance: 90.000000
   ContactPoint: 114.124489 210.882690 -28.193693
   Heading:   0.237124   0.930586  -0.278894
   Left:  -0.200316  -0.234077  -0.951358
   Up:  0.950603  -0.281456  -0.130906
   nargs: 1
      1.000000

End_Object_Group


Start_Object_Group
  Material: 3

  cone
    103.453926 169.006317 -15.643448
    164.380096 229.206100 -43.283775
    15.119999 15.119999

  sphere
    164.380096 229.206100 -43.283775
    15.119999

End_Object_Group


Start_Object_Group
  Material: 3

  cone
    164.380096 229.206100 -43.283775
    231.201538 273.249573 -84.454987
    15.119999 10.584000

  sphere
    231.201538 273.249573 -84.454987
    10.584000

End_Object_Group


Start_Object_Group
 Material: 4

 object
   Name: Leaf
   LineWidth: 23.519999
   LineDistance: 81.000000
   ContactPoint: 247.442413 302.154358 -107.714333
   Heading:   0.401009   0.713699  -0.574305
   Left:  -0.470899  -0.377154  -0.797502
   Up:  0.785777  -0.590245  -0.184838
   nargs: 1
      1.000000

End_Object_Group


Start_Object_Group
  Material: 3

  cone
    231.201538 273.249573 -84.454987
    292.901611 296.105560 -131.695923
    9.525599 9.525599

  sphere
    292.901611 296.105560 -131.695923
    9.525599

End_Object_Group


Start_Object_Group
  Material: 3

  cone
    292.901611 296.105560 -131.695923
    351.880463 299.118378 -187.134338
    9.525599 6.667920

  sphere
    351.880463 299.118378 -187.134338
    6.667920

End_Object_Group


Start_Object_Group
 Material: 4

 object
   Name: Leaf
   LineWidth: 16.463999
   LineDistance: 72.900002
   ContactPoint: 367.538330 312.428223 -217.238861
   Heading:   0.429571   0.365153  -0.825913
   Left:  -0.754006  -0.358261  -0.550566
   Up:  0.496933  -0.859251  -0.121429
   nargs: 1
      1.000000

End_Object_Group


Start_Object_Group
  Material: 3

  cone
    351.880463 299.118378 -187.134338
    398.496796 283.908539 -241.078659
    6.001128 6.001128

  sphere
    398.496796 283.908539 -241.078659
    6.001128

End_Object_Group


Start_Object_Group
  Material: 3

  cone
    398.496796 283.908539 -241.078659
    433.920044 250.464020 -295.310303
    6.001128 4.200789

  sphere
    433.920044 250.464020 -295.310303
    4.200789

End_Object_Group


Start_Object_Group
 Material: 4

 object
   Name: Leaf
   LineWidth: 11.524799
   LineDistance: 65.610001
   ContactPoint: 442.983887 248.903397 -326.799652
   Heading:   0.276294  -0.047573  -0.959895
   Left:  -0.954130  -0.133413  -0.268023
   Up:  0.115311  -0.989918   0.082252
   nargs: 1
      1.000000

End_Object_Group


Start_Object_Group
  Material: 3

  cone
    433.920044 250.464020 -295.310303
    452.717041 206.717453 -340.449890
    3.780710 3.780710

  sphere
    452.717041 206.717453 -340.449890
    3.780710

End_Object_Group


Start_Object_Group
  Material: 3

  cone
    452.717041 206.717453 -340.449890
    455.001160 152.571136 -377.431396
    3.780710 2.646497

  sphere
    455.001160 152.571136 -377.431396
    2.646497

End_Object_Group


Start_Object_Group
 Material: 4

 object
   Name: Leaf
   LineWidth: 8.067359
   LineDistance: 59.049000
   ContactPoint: 453.297546 140.707291 -404.413666
   Heading:  -0.057702  -0.401830  -0.913894
   Left:  -0.962002   0.267092  -0.056698
   Up: -0.266877  -0.875897   0.401973
   nargs: 1
      1.000000

End_Object_Group


Start_Object_Group
  Material: 3

  cone
    455.001160 152.571136 -377.431396
    441.684570  99.763412 -400.252441
    2.381847 2.381847

  sphere
    441.684570  99.763412 -400.252441
    2.381847

End_Object_Group


Start_Object_Group
  Material: 3

  cone
    441.684570  99.763412 -400.252441
    412.781921  49.074276 -409.309692
    2.381847 1.667293

  sphere
    412.781921  49.074276 -409.309692
    1.667293

End_Object_Group


Start_Object_Group
 Material: 4

 object
   Name: Leaf
   LineWidth: 5.647151
   LineDistance: 53.144100
   ContactPoint: 399.678955  34.536587 -427.283051
   Heading:  -0.493111  -0.547105  -0.676401
   Left:  -0.715084   0.697713  -0.043031
   Up: -0.495476  -0.462465   0.735275
   nargs: 1
      1.000000

End_Object_Group


Start_Object_Group
  Material: 3

  cone
    412.781921  49.074276 -409.309692
    375.673248  11.339615 -404.478821
    1.500564 1.500564

  sphere
    375.673248  11.339615 -404.478821
    1.500564

End_Object_Group


Start_Object_Group
  Material: 3

  cone
    375.673248  11.339615 -404.478821
    331.386902 -12.027771 -386.674835
    1.500564 1.050395

  sphere
    331.386902 -12.027771 -386.674835
    1.050395

End_Object_Group


Start_Object_Group
 Material: 4

 object
   Name: Leaf
   LineWidth: 3.953006
   LineDistance: 47.829689
   ContactPoint: 310.608063 -20.965387 -394.438751
   Heading:  -0.868868  -0.373727  -0.324648
   Left:  -0.282923   0.913021  -0.293850
   Up: -0.406230   0.163467   0.899031
   nargs: 1
      1.000000

End_Object_Group


Start_Object_Group
  Material: 3

  cone
    331.386902 -12.027771 -386.674835
    290.716095 -16.668482 -361.935608
    0.945355 0.945355

  sphere
    290.716095 -16.668482 -361.935608
    0.945355

End_Object_Group


Start_Object_Group
  Material: 3

  cone
    290.716095 -16.668482 -361.935608
    255.759125  -2.282979 -332.631226
    0.945355 0.661749

  sphere
    255.759125  -2.282979 -332.631226
    0.661749

End_Object_Group


Start_Object_Group
 Material: 4

 object
   Name: Leaf
   LineWidth: 2.767104
   LineDistance: 43.046719
   ContactPoint: 234.339050  -0.262676 -333.225708
   Heading:  -0.995202   0.093866  -0.027621
   Left:   0.085633   0.699004  -0.709973
   Up:  0.047335   0.708931   0.703687
   nargs: 1
      1.000000

End_Object_Group


Start_Object_Group
  Material: 3

  cone
    255.759125  -2.282979 -332.631226
    234.704971  25.710793 -307.609406
    0.595574 0.595574

  sphere
    234.704971  25.710793 -307.609406
    0.595574

End_Object_Group


Start_Object_Group
  Material: 3

  cone
    234.704971  25.710793 -307.609406
    228.818634  64.583275 -290.079376
    0.595574 0.416902

  sphere
    228.818634  64.583275 -290.079376
    0.416902

End_Object_Group


Start_Object_Group
 Material: 4

 object
   Name: Leaf
   LineWidth: 1.936973
   LineDistance: 38.742046
   ContactPoint: 213.937332  76.977699 -289.677399
   Heading:  -0.768225   0.639844   0.020752
   Left:   0.066386   0.111863  -0.991504
   Up:  0.636729   0.760320   0.128412
   nargs: 1
      1.000000

End_Object_Group


Start_Object_Group
  Material: 3

  cone
    228.818634  64.583275 -290.079376
    237.723129 101.979385 -285.264099
    0.375211 0.375211

  sphere
    237.723129 101.979385 -285.264099
    0.375211

End_Object_Group


Start_Object_Group
  Material: 3

  cone
    237.723129 101.979385 -285.264099
    259.084930 132.957397 -294.482666
    0.375211 0.262648

  sphere
    259.084930 132.957397 -294.482666
    0.262648

End_Object_Group


Start_Object_Group
  Material: 3

  cone
     -0.000000   0.000000  -0.000000
     40.450851  89.100655  20.610743
    24.000000 24.000000

  sphere
     40.450851  89.100655  20.610743
    24.000000

End_Object_Group


Start_Object_Group
  Material: 3

  cone
     40.450851  89.100655  20.610743
     99.280098 169.006317  33.028690
    24.000000 16.799999

  sphere
     99.280098 169.006317  33.028690
    16.799999

End_Object_Group


Start_Object_Group
 Material: 4

 object
   Name: Leaf
   LineWidth: 33.599998
   LineDistance: 90.000000
   ContactPoint: 114.485336 210.882690  26.690674
   Heading:   0.337894   0.930586  -0.140845
   Left:   0.253425  -0.234077  -0.938607
   Up:  0.906424  -0.281456   0.314927
   nargs: 1
      1.000000

End_Object_Group


Start_Object_Group
  Material: 3

  cone
     99.280098 169.006317  33.028690
    166.114166 229.206100  36.060886
    15.119999 15.119999

  sphere
    166.114166 229.206100  36.060886
    15.119999

End_Object_Group


Start_Object_Group
  Material: 3

  cone
    166.114166 229.206100  36.060886
    244.343857 273.249573  29.713375
    15.119999 10.584000

  sphere
    244.343857 273.249573  29.713375
    10.584000

End_Object_Group


Start_Object_Group
 Material: 4

 object
   Name: Leaf
   LineWidth: 23.519999
   LineDistance: 81.000000
   ContactPoint: 269.374115 302.154358  16.362350
   Heading:   0.618031   0.713699  -0.329655
   Left:  -0.057516  -0.377154  -0.924363
   Up:  0.784047  -0.590245   0.192044
   nargs: 1
      1.000000

End_Object_Group


Start_Object_Group
  Material: 3

  cone
    244.343857 273.249573  29.713375
    320.765961 296.105560  15.632643
    9.525599 9.525599

  sphere
    320.765961 296.105560  15.632643
    9.525599

End_Object_Group


Start_Object_Group
  Material: 3

  cone
    320.765961 296.105560  15.632643
    398.485046 299.118378  -6.987511
    9.525599 6.667920

  sphere
    398.485046 299.118378  -6.987511
    6.667920

End_Object_Group


Start_Object_Group
 Material: 4

 object
   Name: Leaf
   LineWidth: 16.463999
   LineDistance: 72.900002
   ContactPoint: 426.103485 312.428223 -26.702301
   Heading:   0.757708   0.365153  -0.540872
   Left:  -0.421873  -0.358261  -0.832870
   Up:  0.497899  -0.859251   0.117409
   nargs: 1
      1.000000

End_Object_Group


Start_Object_Group
  Material: 3

  cone
    398.485046 299.118378  -6.987511
    464.510742 283.908539 -33.888870
    6.001128 6.001128

  sphere
    464.510742 283.908539 -33.888870
    6.001128

End_Object_Group


Start_Object_Group
  Material: 3

  cone
    464.510742 283.908539 -33.888870
    520.693726 250.464020 -66.127785
    6.001128 4.200789

  sphere
    520.693726 250.464020 -66.127785
    4.200789

End_Object_Group


Start_Object_Group
 Material: 4

 object
   Name: Leaf
   LineWidth: 11.524799
   LineDistance: 65.610001
   ContactPoint: 543.065552 248.903397 -90.070114
   Heading:   0.681964  -0.047573  -0.729838
   Left:  -0.728457  -0.133413  -0.671977
   Up:  0.065402  -0.989918   0.125637
   nargs: 1
      1.000000

End_Object_Group


Start_Object_Group
  Material: 3

  cone
    520.693726 250.464020 -66.127785
    557.934937 206.717453 -97.813797
    3.780710 3.780710

  sphere
    557.934937 206.717453 -97.813797
    3.780710

End_Object_Group


Start_Object_Group
  Material: 3

  cone
    557.934937 206.717453 -97.813797
    576.759338 152.571136 -129.727600
    3.780710 2.646497

  sphere
    576.759338 152.571136 -129.727600
    2.646497

End_Object_Group


Start_Object_Group
 Material: 4

 object
   Name: Leaf
   LineWidth: 8.067359
   LineDistance: 59.049000
   ContactPoint: 587.491089 140.707291 -154.542404
   Heading:   0.363487  -0.401830  -0.840482
   Left:  -0.831410   0.267092  -0.487258
   Up: -0.420281  -0.875897   0.237001
   nargs: 1
      1.000000

End_Object_Group


Start_Object_Group
  Material: 3

  cone
    576.759338 152.571136 -129.727600
    575.254700  99.763412 -156.106888
    2.381847 2.381847

  sphere
    575.254700  99.763412 -156.106888
    2.381847

End_Object_Group


Start_Object_Group
  Material: 3

  cone
    575.254700  99.763412 -156.106888
    553.614136  49.074276 -177.298492
    2.381847 1.667293

  sphere
    553.614136  49.074276 -177.298492
    1.667293

End_Object_Group


Start_Object_Group
 Material: 4

 object
   Name: Leaf
   LineWidth: 5.647151
   LineDistance: 53.144100
   ContactPoint: 550.099060  34.536587 -199.261505
   Heading:  -0.132285  -0.547105  -0.826546
   Left:  -0.617609   0.697713  -0.362982
   Up: -0.775281  -0.462465   0.430194
   nargs: 1
      1.000000

End_Object_Group


Start_Object_Group
  Material: 3

  cone
    553.614136  49.074276 -177.298492
    518.356873  11.339615 -189.841156
    1.500564 1.500564

  sphere
    518.356873  11.339615 -189.841156
    1.500564

End_Object_Group


Start_Object_Group
  Material: 3

  cone
    518.356873  11.339615 -189.841156
    470.814606 -12.027771 -194.083267
    1.500564 1.050395

  sphere
    470.814606 -12.027771 -194.083267
    1.050395

End_Object_Group


Start_Object_Group
 Material: 4

 object
   Name: Leaf
   LineWidth: 3.953006
   LineDistance: 47.829689
   ContactPoint: 455.825256 -20.965387 -210.434357
   Heading:  -0.626781  -0.373727  -0.683721
   Left:  -0.118681   0.913021  -0.390267
   Up: -0.770105   0.163467   0.616618
   nargs: 1
      1.000000

End_Object_Group


Start_Object_Group
  Material: 3

  cone
    470.814606 -12.027771 -194.083267
    423.345276 -16.668482 -190.504623
    0.945355 0.945355

  sphere
    423.345276 -16.668482 -190.504623
    0.945355

End_Object_Group


Start_Object_Group
  Material: 3

  cone
    423.345276 -16.668482 -190.504623
    378.894470  -2.282979 -180.264359
    0.945355 0.661749

  sphere
    378.894470  -2.282979 -180.264359
    0.661749

End_Object_Group


Start_Object_Group
 Material: 4

 object
   Name: Leaf
   LineWidth: 2.767104
   LineDistance: 43.046719
   ContactPoint: 360.078918  -0.262676 -190.518570
   Heading:  -0.874192   0.093866  -0.476423
   Left:   0.398621   0.699004  -0.593713
   Up: -0.277292   0.708931   0.648480
   nargs: 1
      1.000000

End_Object_Group


Start_Object_Group
  Material: 3

  cone
    378.894470  -2.282979 -180.264359
    348.775421  25.710793 -167.528137
    0.595574 0.595574

  sphere
    348.775421  25.710793 -167.528137
    0.595574

End_Object_Group


Start_Object_Group
  Material: 3

  cone
    348.775421  25.710793 -167.528137
    335.572205  64.583275 -154.581116
    0.595574 0.416902

  sphere
    335.572205  64.583275 -154.581116
    0.416902

End_Object_Group


Start_Object_Group
  Material: 3

  cone
     -0.000000   0.000000  -0.000000
    -40.450851  89.100655 -20.610743
    24.000000 24.000000

  sphere
    -40.450851  89.100655 -20.610743
    24.000000

End_Object_Group


Start_Object_Group
  Material: 3

  cone
    -40.450851  89.100655 -20.610743
    -99.280098 169.006317 -33.028690
    24.000000 16.799999

  sphere
    -99.280098 169.006317 -33.028690
    16.799999

End_Object_Group


Start_Object_Group
 Material: 4

 object
   Name: Leaf
   LineWidth: 33.599998
   LineDistance: 90.000000
   ContactPoint: -114.485336 210.882690 -26.690674
   Heading:  -0.337894   0.930586   0.140845
   Left:  -0.253425  -0.234077   0.938607
   Up: -0.906424  -0.281456  -0.314927
   nargs: 1
      1.000000

End_Object_Group


Start_Object_Group
  Material: 3

  cone
    -99.280098 169.006317 -33.028690
    -166.114166 229.206100 -36.060886
    15.119999 15.119999

  sphere
    -166.114166 229.206100 -36.060886
    15.119999

End_Object_Group


Start_Object_Group
  Material: 3

  cone
    -166.114166 229.206100 -36.060886
    -244.343857 273.249573 -29.713375
    15.119999 10.584000

  sphere
    -244.343857 273.249573 -29.713375
    10.584000

End_Object_Group


Start_Object_Group
 Material: 4

 object
   Name: Leaf
   LineWidth: 23.519999
   LineDistance: 81.000000
   ContactPoint: -269.374115 302.154358 -16.362350
   Heading:  -0.618031   0.713699   0.329655
   Left:   0.057516  -0.377154   0.924363
   Up: -0.784047  -0.590245  -0.192044
   nargs: 1
      1.000000

End_Object_Group


Start_Object_Group
  Material: 3

  cone
    -244.343857 273.249573 -29.713375
    -320.765961 296.105560 -15.632643
    9.525599 9.525599

  sphere
    -320.765961 296.105560 -15.632643
    9.525599

End_Object_Group


Start_Object_Group
  Material: 3

  cone
    -320.765961 296.105560 -15.632643
    -398.485046 299.118378   6.987511
    9.525599 6.667920

  sphere
    -398.485046 299.118378   6.987511
    6.667920

End_Object_Group


Start_Object_Group
 Material: 4

 object
   Name: Leaf
   LineWidth: 16.463999
   LineDistance: 72.900002
   ContactPoint: -426.103485 312.428223  26.702301
   Heading:  -0.757708   0.365153   0.540872
   Left:   0.421873  -0.358261   0.832870
   Up: -0.497899  -0.859251  -0.117409
   nargs: 1
      1.000000

End_Object_Group


Start_Object_Group
  Material: 3

  cone
    -398.485046 299.118378   6.987511
    -464.510742 283.908539  33.888870
    6.001128 6.001128

  sphere
    -464.510742 283.908539  33.888870
    6.001128

End_Object_Group


Start_Object_Group
  Material: 3

  cone
    -464.510742 283.908539  33.888870
    -520.693726 250.464020  66.127785
    6.001128 4.200789

  sphere
    -520.693726 250.464020  66.127785
    4.200789

End_Object_Group


Start_Object_Group
 Material: 4

 object
   Name: Leaf
   LineWidth: 11.524799
   LineDistance: 65.610001
   ContactPoint: -543.065552 248.903397  90.070114
   Heading:  -0.681964  -0.047573   0.729838
   Left:   0.728457  -0.133413   0.671977
   Up: -0.065402  -0.989918  -0.125637
   nargs: 1
      1.000000

End_Object_Group


Start_Object_Group
  Material: 3

  cone
    -520.693726 250.464020  66.127785
    -557.934937 206.717453  97.813797
    3.780710 3.780710

  sphere
    -557.934937 206.717453  97.813797
    3.780710

End_Object_Group


Start_Object_Group
  Material: 3

  cone
    -557.934937 206.717453  97.813797
    -576.759338 152.571136 129.727600
    3.780710 2.646497

  sphere
    -576.759338 152.571136 129.727600
    2.646497

End_Object_Group


Start_Object_Group
 Material: 4

 object
   Name: Leaf
   LineWidth: 8.067359
   LineDistance: 59.049000
   ContactPoint: -587.491089 140.707291 154.542404
   Heading:  -0.363487  -0.401830   0.840482
   Left:   0.831410   0.267092   0.487258
   Up:  0.420281  -0.875897  -0.237001
   nargs: 1
      1.000000

End_Object_Group


Start_Object_Group
  Material: 3

  cone
    -576.759338 152.571136 129.727600
    -575.254700  99.763412 156.106888
    2.381847 2.381847

  sphere
    -575.254700  99.763412 156.106888
    2.381847

End_Object_Group


Start_Object_Group
  Material: 3

  cone
    -575.254700  99.763412 156.106888
    -553.614136  49.074276 177.298492
    2.381847 1.667293

  sphere
    -553.614136  49.074276 177.298492
    1.667293

End_Object_Group


Start_Object_Group
 Material: 4

 object
   Name: Leaf
   LineWidth: 5.647151
   LineDistance: 53.144100
   ContactPoint: -550.099060  34.536587 199.261505
   Heading:   0.132285  -0.547105   0.826546
   Left:   0.617609   0.697713   0.362982
   Up:  0.775281  -0.462465  -0.430194
   nargs: 1
      1.000000

End_Object_Group


Start_Object_Group
  Material: 3

  cone
    -553.614136  49.074276 177.298492
    -518.356873  11.339615 189.841156
    1.500564 1.500564

  sphere
    -518.356873  11.339615 189.841156
    1.500564

End_Object_Group


Start_Object_Group
  Material: 3

  cone
    -518.356873  11.339615 189.841156
    -470.814606 -12.027771 194.083267
    1.500564 1.050395

  sphere
    -470.814606 -12.027771 194.083267
    1.050395

End_Object_Group


Start_Object_Group
 Material: 4

 object
   Name: Leaf
   LineWidth: 3.953006
   LineDistance: 47.829689
   ContactPoint: -455.825256 -20.965387 210.434357
   Heading:   0.626781  -0.373727   0.683721
   Left:   0.118681   0.913021   0.390267
   Up:  0.770105   0.163467  -0.616618
   nargs: 1
      1.000000

End_Object_Group


Start_Object_Group
  Material: 3

  cone
    -470.814606 -12.027771 194.083267
    -423.345276 -16.668482 190.504623
    0.945355 0.945355

  sphere
    -423.345276 -16.668482 190.504623
    0.945355

End_Object_Group


Start_Object_Group
  Material: 3

  cone
    -423.345276 -16.668482 190.504623
    -378.894470  -2.282979 180.264359
    0.945355 0.661749

  sphere
    -378.894470  -2.282979 180.264359
    0.661749

End_Object_Group


Start_Object_Group
 Material: 4

 object
   Name: Leaf
   LineWidth: 2.767104
   LineDistance: 43.046719
   ContactPoint: -360.078918  -0.262676 190.518570
   Heading:   0.874192   0.093866   0.476423
   Left:  -0.398621   0.699004   0.593713
   Up:  0.277292   0.708931  -0.648480
   nargs: 1
      1.000000

End_Object_Group


Start_Object_Group
  Material: 3

  cone
    -378.894470  -2.282979 180.264359
    -348.775421  25.710793 167.528137
    0.595574 0.595574

  sphere
    -348.775421  25.710793 167.528137
    0.595574

End_Object_Group


Start_Object_Group
  Material: 3

  cone
    -348.775421  25.710793 167.528137
    -335.572205  64.583275 154.581116
    0.595574 0.416902

  sphere
    -335.572205  64.583275 154.581116
    0.416902

End_Object_Group


Start_Object_Group
  Material: 3

  cone
     -0.000000   0.000000  -0.000000
    -26.684895  89.100655 -36.728607
    24.000000 24.000000

  sphere
    -26.684895  89.100655 -36.728607
    24.000000

End_Object_Group


Start_Object_Group
  Material: 3

  cone
    -26.684895  89.100655 -36.728607
    -73.464508 169.006317 -74.500999
    24.000000 16.799999

  sphere
    -73.464508 169.006317 -74.500999
    16.799999

End_Object_Group


Start_Object_Group
 Material: 4

 object
   Name: Leaf
   LineWidth: 33.599998
   LineDistance: 90.000000
   ContactPoint: -89.889870 210.882690 -75.756821
   Heading:  -0.365008   0.930586  -0.027907
   Left:  -0.651922  -0.234077   0.721253
   Up: -0.664656  -0.281456  -0.692110
   nargs: 1
      1.000000

End_Object_Group


Start_Object_Group
  Material: 3

  cone
    -73.464508 169.006317 -74.500999
    -131.637512 229.206100 -107.544739
    15.119999 15.119999

  sphere
    -131.637512 229.206100 -107.544739
    15.119999

End_Object_Group


Start_Object_Group
  Material: 3

  cone
    -131.637512 229.206100 -107.544739
    -204.222382 273.249573 -137.404602
    15.119999 10.584000

  sphere
    -204.222382 273.249573 -137.404602
    10.584000

End_Object_Group


Start_Object_Group
 Material: 4

 object
   Name: Leaf
   LineWidth: 23.519999
   LineDistance: 81.000000
   ContactPoint: -232.585739 302.154358 -136.872253
   Heading:  -0.700330   0.713699   0.013145
   Left:  -0.368405  -0.377154   0.849725
   Up: -0.611405  -0.590245  -0.527062
   nargs: 1
      1.000000

End_Object_Group


Start_Object_Group
  Material: 3

  cone
    -204.222382 273.249573 -137.404602
    -278.707520 296.105560 -159.553482
    9.525599 9.525599

  sphere
    -278.707520 296.105560 -159.553482
    9.525599

End_Object_Group


Start_Object_Group
  Material: 3

  cone
    -278.707520 296.105560 -159.553482
    -358.225037 299.118378 -174.682495
    9.525599 6.667920

  sphere
    -358.225037 299.118378 -174.682495
    6.667920

End_Object_Group


Start_Object_Group
 Material: 4

 object
   Name: Leaf
   LineWidth: 16.463999
   LineDistance: 72.900002
   ContactPoint: -391.783569 312.428223 -169.654999
   Heading:  -0.920673   0.365153   0.137929
   Left:  -0.002224  -0.358261   0.933619
   Up: -0.390328  -0.859251  -0.330653
   nargs: 1
      1.000000

End_Object_Group


Start_Object_Group
  Material: 3

  cone
    -358.225037 299.118378 -174.682495
    -429.267303 283.908539 -180.688232
    6.001128 6.001128

  sphere
    -429.267303 283.908539 -180.688232
    6.001128

End_Object_Group


Start_Object_Group
  Material: 3

  cone
    -429.267303 283.908539 -180.688232
    -493.962891 250.464020 -177.469696
    6.001128 4.200789

  sphere
    -493.962891 250.464020 -177.469696
    4.200789

End_Object_Group


Start_Object_Group
 Material: 4

 object
   Name: Leaf
   LineWidth: 11.524799
   LineDistance: 65.610001
   ContactPoint: -524.765930 248.903397 -166.293518
   Heading:  -0.938973  -0.047573   0.340685
   Left:   0.343989  -0.133413   0.929448
   Up: -0.001235  -0.989918  -0.141635
   nargs: 1
      1.000000

End_Object_Group


Start_Object_Group
  Material: 3

  cone
    -493.962891 250.464020 -177.469696
    -541.530212 206.717453 -166.144409
    3.780710 3.780710

  sphere
    -541.530212 206.717453 -166.144409
    3.780710

End_Object_Group


Start_Object_Group
  Material: 3

  cone
    -541.530212 206.717453 -166.144409
    -572.791443 152.571136 -146.255112
    3.780710 2.646497

  sphere
    -572.791443 152.571136 -146.255112
    2.646497

End_Object_Group


Start_Object_Group
 Material: 4

 object
   Name: Leaf
   LineWidth: 8.067359
   LineDistance: 59.049000
   ContactPoint: -593.619202 140.707291 -129.017075
   Heading:  -0.705440  -0.401830   0.583855
   Left:   0.519581   0.267092   0.811603
   Up:  0.482069  -0.875897  -0.020366
   nargs: 1
      1.000000

End_Object_Group


Start_Object_Group
  Material: 3

  cone
    -572.791443 152.571136 -146.255112
    -583.426758  99.763412 -122.067902
    2.381847 2.381847

  sphere
    -583.426758  99.763412 -122.067902
    2.381847

End_Object_Group


Start_Object_Group
  Material: 3

  cone
    -583.426758  99.763412 -122.067902
    -573.765686  49.074276 -93.361435
    2.381847 1.667293

  sphere
    -573.765686  49.074276 -93.361435
    1.667293

End_Object_Group


Start_Object_Group
 Material: 4

 object
   Name: Leaf
   LineWidth: 5.647151
   LineDistance: 53.144100
   ContactPoint: -580.604736  34.536587 -72.196426
   Heading:  -0.257377  -0.547105   0.796514
   Left:   0.385503   0.697713   0.603808
   Up:  0.886084  -0.462465  -0.031335
   nargs: 1
      1.000000

End_Object_Group


Start_Object_Group
  Material: 3

  cone
    -573.765686  49.074276 -93.361435
    -548.045471  11.339615 -66.179382
    1.500564 1.500564

  sphere
    -548.045471  11.339615 -66.179382
    1.500564

End_Object_Group


Start_Object_Group
  Material: 3

  cone
    -548.045471  11.339615 -66.179382
    -507.610901 -12.027771 -40.815895
    1.500564 1.050395

  sphere
    -507.610901 -12.027771 -40.815895
    1.050395

End_Object_Group


Start_Object_Group
 Material: 4

 object
   Name: Leaf
   LineWidth: 3.953006
   LineDistance: 47.829689
   ContactPoint: -501.678528 -20.965387 -19.441940
   Heading:   0.248063  -0.373727   0.893753
   Left:  -0.071432   0.913021   0.401610
   Up:  0.966107   0.163467  -0.199790
   nargs: 1
      1.000000

End_Object_Group


Start_Object_Group
  Material: 3

  cone
    -507.610901 -12.027771 -40.815895
    -463.690735 -16.668482 -22.453863
    0.945355 0.945355

  sphere
    -463.690735 -16.668482 -22.453863
    0.945355

End_Object_Group


Start_Object_Group
  Material: 3

  cone
    -463.690735 -16.668482 -22.453863
    -419.435791  -2.282979 -11.397757
    0.945355 0.661749

  sphere
    -419.435791  -2.282979 -11.397757
    0.661749

End_Object_Group


Start_Object_Group
  Material: 3

  cone
     -0.000000   0.000000  -0.000000
     26.684895  89.100655  36.728607
    24.000000 24.000000

  sphere
     26.684895  89.100655  36.728607
    24.000000

End_Object_Group


Start_Object_Group
  Material: 3

  cone
     26.684895  89.100655  36.728607
     73.464508 169.006317  74.500999
    24.000000 16.799999

  sphere
     73.464508 169.006317  74.500999
    16.799999

End_Object_Group


Start_Object_Group
 Material: 4

 object
   Name: Leaf
   LineWidth: 33.599998
   LineDistance: 90.000000
   ContactPoint:  89.889870 210.882690  75.756821
   Heading:   0.365008   0.930586   0.027907
   Left:   0.651922  -0.234077  -0.721253
   Up:  0.664656  -0.281456   0.692110
   nargs: 1
      1.000000

End_Object_Group


Start_Object_Group
  Material: 3

  cone
     73.464508 169.006317  74.500999
    131.637512 229.206100 107.544739
    15.119999 15.119999

  sphere
    131.637512 229.206100 107.544739
    15.119999

End_Object_Group


Start_Object_Group
  Material: 3

  cone
    131.637512 229.206100 107.544739
    204.222382 273.249573 137.404602
    15.119999 10.584000

  sphere
    204.222382 273.249573 137.404602
    10.584000

End_Object_Group


Start_Object_Group
 Material: 4

 object
   Name: Leaf
   LineWidth: 23.519999
   LineDistance: 81.000000
   ContactPoint: 232.585739 302.154358 136.872253
   Heading:   0.700330   0.713699  -0.013145
   Left:   0.368405  -0.377154  -0.849725
   Up:  0.611405  -0.590245   0.527062
   nargs: 1
      1.000000

End_Object_Group


Start_Object_Group
  Material: 3

  cone
    204.222382 273.249573 137.404602
    278.707520 296.105560 159.553482
    9.525599 9.525599

  sphere
    278.707520 296.105560 159.553482
    9.525599

End_Object_Group


Start_Object_Group
  Material: 3

  cone
    278.707520 296.105560 159.553482
    358.225037 299.118378 174.682495
    9.525599 6.667920

  sphere
    358.225037 299.118378 174.682495
    6.667920

End_Object_Group


Start_Object_Group
 Material: 4

 object
   Name: Leaf
   LineWidth: 16.463999
   LineDistance: 72.900002
   ContactPoint: 391.783569 312.428223 169.654999
   Heading:   0.920673   0.365153  -0.137929
   Left:   0.002224  -0.358261  -0.933619
   Up:  0.390328  -0.859251   0.330653
   nargs: 1
      1.000000

End_Object_Group


Start_Object_Group
  Material: 3

  cone
    358.225037 299.118378 174.682495
    429.267303 283.908539 180.688232
    6.001128 6.001128

  sphere
    429.267303 283.908539 180.688232
    6.001128

End_Object_Group


Start_Object_Group
  Material: 3

  cone
    429.267303 283.908539 180.688232
    493.962891 250.464020 177.469696
    6.001128 4.200789

  sphere
    493.962891 250.464020 177.469696
    4.200789

End_Object_Group


Start_Object_Group
 Material: 4

 object
   Name: Leaf
   LineWidth: 11.524799
   LineDistance: 65.610001
   ContactPoint: 524.765930 248.903397 166.293518
   Heading:   0.938973  -0.047573  -0.340685
   Left:  -0.343989  -0.133413  -0.929448
   Up:  0.001235  -0.989918   0.141635
   nargs: 1
      1.000000

End_Object_Group


Start_Object_Group
  Material: 3

  cone
    493.962891 250.464020 177.469696
    541.530212 206.717453 166.144409
    3.780710 3.780710

  sphere
    541.530212 206.717453 166.144409
    3.780710

End_Object_Group


Start_Object_Group
  Material: 3

  cone
    541.530212 206.717453 166.144409
    572.791443 152.571136 146.255112
    3.780710 2.646497

  sphere
    572.791443 152.571136 146.255112
    2.646497

End_Object_Group


Start_Object_Group
 Material: 4

 object
   Name: Leaf
   LineWidth: 8.067359
   LineDistance: 59.049000
   ContactPoint: 593.619202 140.707291 129.017075
   Heading:   0.705440  -0.401830  -0.583855
   Left:  -0.519581   0.267092  -0.811603
   Up: -0.482069  -0.875897   0.020366
   nargs: 1
      1.000000

End_Object_Group


Start_Object_Group
  Material: 3

  cone
    572.791443 152.571136 146.255112
